%YAML:1.0
---
# #####################################################################
# # 3号步兵
# #####################################################################
K: !!opencv-matrix
   rows: 3
   cols: 3
   dt: d
   data:  [7.878510634137858e+02,0,0,
           0,8.141468817139564e+02,0,
           3.318219669905821e+02,2.370528851201821e+02,1]
D: !!opencv-matrix
   rows: 1
   cols: 5
   dt: d
#    data: [ -6.2976378480843005, -261.10459972753972, 0.0, 0.0, -0.5580458587031895 ]
   # data: [0.0,0.0,
   #         0.0,0.0,0.0]
   data: [0.032749138030049,0.291868943006822,
           0.0, 0.0, 0.0]
Tcb: !!opencv-matrix
   rows: 3
   cols: 3
   dt: f
   data: [ -9.99758482e-01, 2.05852799e-02, 7.68128550e-03,
           7.81105878e-03, 6.23124838e-03, 9.99950051e-01, 2.05363873e-02,
           9.99768615e-01, -6.39045238e-03 ]